000001
0000018
0000015
0000017
0000017
000001
000001
000001
000001
000001
000001
000001
000001
000001
     h







h
000001
000001
000001
000001
000001
000001
000001
000001
000001
000001
000001
000001
000001
000001
000001
000001
000001
000001
000001
000001
000001
000001
000001
000001
000001
000001
000001
000001
000001
000001
000001
000001
000001
000001       n
000001
000001
000001
000001
000001
000001o
000001       l
000001
000001
000001
000001  
000001
000001
000001
000001
0000013
000001
000001
0   h1
0    12
0    1f
0  1       
0
0
0
0h
000001g   m
0000014
0000015
000001
000001
0000017
000001f
0    h      
0
0
0
0
0
0
0
0
0
0
0
0
0
0
0
0h
000001g
0000016
0000015
000001
000001
000001
000001
000001
000001   
0000019
000001
000001
000001a    d00000
000001      00000
000001      00000
000001c    b00000
000001      00000
000001      00000
000001a      d00000
00000001      00000
00000001      00000
000000001c   b00000
000001      00000
000001      00000
000001c  b000000000
000001      00000
000001      00000
000001  1   00000
000001      00000
000001a    b00000
000001
000001
 

  017
  01e
  017
  015
  017
  01
  017
  014
  017
  01
 00127
 001
 0017
 001
 0017
 001a
 00001
 00001
0000014
000001
000001
00000001
00000001
001
001
001
001
000001
00000
    h9















i
000001
0012
001
001
0015
001
001
001
0016
001
001
001
0018
000001
0000013
000001
0000013
000001       
0000013
000001
000001f     l
     






	 
000001g
0000017   
00000001
000000017
00000001
00000001
000000017
000000012  m
00000001
000000017
000000018
000000014
00000001
00000001
00000001
000000017
00000001
000000017
0000001
0000001
00000015
0000001
0000001
0000001
001       n
001
001
001
001
001
001
001
001
001
001
001
001
001
001o
000001
0000001
00000001
00000001

000001
000001
000001
000001
0000011
000001
000001
000001
0000019
000001
000001
000001a     d00000
000001       00000
000001       00000
000001c     b00000
000001       00000
000001       00000
000001a     d00000
000001       00000
000001c     b00000
000001       00000
000001       00000
000001       00000
000001       00000
000001       00000
000001       00000
000001
000001
0001
0001
0001
0001e
0001
0001
0001
0001
0001
0001e
0001
0001
0001
0001
0001e
0001
0001
0001
0001
0001e
0001
0001


0000001
0000001
0000001
00000015
0000001
00000015
00000017
00000015
0000001
00000016
0000001
0000001
0001000001
0001000001
0001000001
00010000001
00010000001
0001000000146
00010000001
00010000001
  001
  001
  001
  001
  0012
  0018
  001
  001
  001
  00146
  0013
  0015
  0013
  00175
  0013
  0015
  0013
  001
  0013
  001
  0013
  0018



0000001
0000001
00000015
00000017
0000001
0000001
0000000001
0000000001
0000000001
0000000001
0000000001
00000000000001
000000000000013
00000000000001
000001
000001
000001
00000128
000001
0000015
000001
00000001
00000001
00000001
00000001
00000001
0000000146
00000001
00000001
000000018
00000000017
0000000001
00000000017
0000000001
00000000017





0000000001
00000000015
00000000017
0000000001
0000000000000000
0000000000000000
0000000000000000
0000000000000000
0000000000000000
0000000000000000
0000000000000000
0000000000000000
0000000000000000
0000000000000000
