000000000001
00000000001
0000000001
000000001
00000001
00000001
00000001
0000000168
00000001
000000016
000000015
0000000168
00000001
000000016
00000001   2k
00000001
00000001
00000001
00000001
00000001l
00000001
00000001
00000001
00000001   2k
00000001
00000001
00000001
00000001l
00 00001
00900001
00 00001
00 00001   2k7
00300001
01 
014  
01
01    
01    
01
01
01
01
01
01
01
01
01
00017
0000017
00000001
00000001
000000013
00000001
000000013
00000001
00000001
000000014
00000001
00000001
00000001
00000001
00000001
00000001
0     h
0
0
06
0
0
03
0
06
0
0
0h
00000001       i
000000013
00000001
000000015
00000001
00000001
0000000143
00000001
000000014
00000001
00000001
000000001
00000001    
000000016
000000018  i
0000000168
0000000178
0000000017
0000001f    127
1    g
1
1
1
14
13
14
1
16
1
1
1g       
0000001f  127
00000017  17
000000173
00000015
0000001
0000001
0000001
000000001
0000000 1
       9

2222217



2222217



2222217



0022217



0022217


00000001
00000 01
000019
000015    
00001   c      d
00001   a d 1
00001   1   1
00001        
00001a    b   
0000001   1    b
0000001   1   1      
              1
              1
00000000000001
00000000000001


         1

000001
000001
0000016   1m
000001
000001
0000016
000001
000001
0000016
000001
000001
000001
000001
000001
000001
0000016
0000013
00000167
000001n
000001437
0000016
0000001
.