17
13
1
1
001
001
001
0001         j
0001
0001
0001        
0001
0001
0001
0001
0001
0001
0001
0001
0001
0001
0001
0001
0001
0001
0001j
0001
0001      0k          i
002             o
002o
00000000000000001
00000000000000001
000000000001     i
0000000000018       j
0000000000 1f
0001c   d 9
0001
1222
1222
1221
1221a     b
1221     001f
12211    001j
1221     001
1221                0
1221a   b           0
1220000000001       0
1220001  000000000000
12200018
1
1
0122000000001
01         g2
01          2
01          1 
01          1
01          1
01g         1
0100000000001f
1
1
1
01
1f
1
1           1
1        1  18
1        18 1
13       1  18
1        18
1
1
01
01
1001k
1221
1221                
1222
12228    c d
1221k
1221    221
1221    221
1222    1
12228  1 
1221k       1
1221        1
 001 1      1
9    1      1
a          b1
222222000000017
22222200000001
22222200000001
22222200000001
22222200000001
22222200000001
22222200000001m
22222200000001
22222200000001
22222200000001         j
22222200000001
22222200000001
22222200000001
22222200000001
22222200000001
22222200000001
22222200000001
2222220000001
2222220000001
22222200000001j
22222200000001         i
22222200000001e
22222200000001
1     00000001       i
19 9 900000001
12222200000001
12222200000001
12222200000001
12222200000001e
12222200000001
12222200000001
12222200000001
12222200000001
12222200000001
12222222222222
12222222222222
122222000000000000000000001
122222000000000000000000001
122222000000000000000000001
1    a                       d
                       o
o
               c             b
27
               1
               1
         1
             1       i
       1                  
     2k001
             2k
       1                 000000
     2k001           00000000000000
             2k      001220   g   
       1           0012222        
     2k001       001   222
             2k001     1		
       1       1       14
        01     1       16
     i  01     1       1
     01   01           1e
     018  0 01         1
     0000009000000000091
     000122c22        b1
     000122 2f         1          
00000000001            1  g       
0        h1            1  000000000
0                      2    0   
0    227               2    08    
0    22222227        022    0      
0    227             0001f  2
0                       18  2
0    227                1   2
0    22222227           000000
0    227
0
0
0h
00000000001
00000000001       0f000000
     00                 o0
     00o              2220
     0000000000000000122f0
                     12220




     2222222222222f0000000  
     2                  o0
     2o                  0
     0000000000000012222f0
                  2f



000000001                             
001222222f
001222222
001222222
000012222
000000122
000000001e
000000001
000000001
000000001
000000001e
000000001
000000001
000000001
000000001e
000000001
000000001
000000001
00000000001     000000000000000
0000000000001     0000000000000
000000000000001     00000000000
00000000000000001     000000000
0000000000000000001     0000000000
000000000000000000001     0000000000
00000000000000000000001 
00000000000000000000001
                0000001
                 000001
                  000011
                     0122             on
                     0122o             n
                     011
                     01
.