00000000000000000
00000000000000000
00000012222222222
00000012222222220
00000012222222200
00000012222222000
00000012222220000
00000012222200000
0000001222200000
000000122200000
00000122200000
0000013
0000017    i
0    g
06
0
06  
0   27
03
0
06
0g
0000017  i
000001
0000001
0000001
0000001
0000001f







000001f
000001m
000001         i
0000001
0000001
0000001
0000001   
0000001      i
0000001        j
0000001
0000001j
0000001        i
0000001       
0000001       
0000001      i
0000001
0000001e    
000000137   
0000001
00000012f
0000001
0000001
0000001
0000001
0000001
0000001     1f
0000001     1f
00001
00001
0017
001
0017
00138
0017
0018
0017
00000001    
00000001
0000001     1f
0000001
0000001
000000122200000000000000
00001222222222 000000000
00001         9000000000
000001         000000000
00001c        b0
00001          0
00001          0
00001a    d    0
000001         0
00001          0
00001          0
000001        90
00001c        b0
00001          0
00001          0
00001a        d0
000001    0    0
00001          0
00001          0
00001c        b0
00001 1        0
00001  1       0
00001   1      0
00001          0
00001a    b    0
0000000000122200
0000000000122200
000001
000001
0000001
0 00001    9
29    c  d
2a          0
2c d 
2
2a   ba    b
000 001
000 001
000a     b
0000001
0000001
00000001
0000001  1
0000001  1k
0000001k 1
0000001  1
00000018 1k
0000001  1
0000001k 1
0000001  1k
0000001
000000001
000000001
000000001
00000000122222222
00000000122 2 222
00000000122929222
0    g     
0        1
0      c     b
0
0        1             
0      a     d
0
0        1
0      c     b
0            
0        1
0      a     d
0             
0        1
0            b
0
0
0
0g      a  b
0000001
00000013
0000001
0001
0001
   h







          i






h
00001
00001
0001f    i

           i



           1
           18
           1
           18
       i



0001f
0001
0001
0001n
0001222000
0000000000
0000000000
.